[[138  17  76]
 [138  17  76]
 [138  17  77]
 ...
 [103  22  83]
 [100  28  82]
 [100  28  81]][[138  17  75]
 [138  17  76]
 [138  17  76]
 ...
 [103  22  83]
 [100  28  83]
 [100  28  82]][[138  17  74]
 [138  17  75]
 [138  17  75]
 ...
 [120  12  83]
 [120  12  83]
 [120  12  83]][[138  17  74]
 [138  17  75]
 [138  17  75]
 ...
 [120  12  84]
 [120  12  83]
 [120  12  82]][[138  17  75]
 [138  17  75]
 [138  17  76]
 ...
 [144  15  84]
 [144  16  82]
 [144  16  81]][[138  17  76]
 [138  17  76]
 [138  17  76]
 ...
 [144  15  84]
 [144  16  82]
 [144  16  81]][[138  17  77]
 [138  17  77]
 [138  17  76]
 ...
 [138  15  84]
 [138  15  83]
 [138  16  82]][[138  17  77]
 [138  17  77]
 [138  17  76]
 ...
 [138  15  84]
 [138  15  84]
 [138  15  84]][[138  17  76]
 [138  17  76]
 [138  17  76]
 ...
 [138  15  83]
 [138  15  83]
 [138  15  84]][[138  17  75]
 [138  17  75]
 [138  17  75]
 ...
 [138  15  83]
 [138  15  83]
 [138  15  83]][[138  17  74]
 [138  17  74]
 [138  17  74]
 ...
 [138  15  84]
 [138  15  83]
 [138  15  83]][[138  17  73]
 [138  17  73]
 [138  17  73]
 ...
 [138  15  84]
 [138  15  83]
 [138  16  82]][[138  17  73]
 [138  17  73]
 [138  17  73]
 ...
 [138  15  84]
 [138  15  83]
 [138  16  82]][[138  17  74]
 [138  17  74]
 [138  17  74]
 ...
 [138  15  84]
 [138  15  83]
 [138  16  82]][[138  17  75]
 [138  17  74]
 [138  17  74]
 ...
 [138  15  84]
 [138  15  84]
 [138  15  83]][[138  17  75]
 [138  17  75]
 [138  17  74]
 ...
 [138  15  84]
 [138  15  84]
 [138  15  83]][[138  17  76]
 [138  17  75]
 [138  17  75]
 ...
 [138  15  84]
 [138  15  85]
 [138  15  86]][[138  17  77]
 [138  17  76]
 [138  17  76]
 ...
 [138  15  83]
 [138  15  84]
 [138  15  85]][[138  17  77]
 [138  17  76]
 [138  17  76]
 ...
 [138  15  83]
 [138  15  84]
 [138  15  84]][[138  17  76]
 [138  17  76]
 [138  17  75]
 ...
 [138  15  83]
 [138  15  84]
 [138  15  85]][[138  17  75]
 [138  17  75]
 [138  17  74]
 ...
 [138  15  83]
 [138  15  84]
 [138  15  84]][[138  17  75]
 [138  17  75]
 [138  17  74]
 ...
 [138  16  82]
 [138  15  83]
 [138  15  83]][[138  17  74]
 [138  17  74]
 [138  17  73]
 ...
 [138  16  82]
 [138  16  82]
 [138  15  83]][[138  18  72]
 [138  18  72]
 [138  18  72]
 ...
 [138  16  82]
 [138  15  83]
 [138  15  84]][[138  17  73]
 [138  17  73]
 [138  18  72]
 ...
 [138  16  82]
 [138  15  83]
 [138  15  84]][[138  17  73]
 [138  17  73]
 [138  18  72]
 ...
 [138  16  82]
 [138  16  82]
 [138  15  83]][[138  17  73]
 [138  17  73]
 [138  18  72]
 ...
 [138  16  82]
 [138  16  82]
 [138  16  82]][[138  17  73]
 [138  17  73]
 [138  18  72]
 ...
 [138  16  82]
 [138  16  82]
 [138  16  82]][[138  17  73]
 [138  17  73]
 [138  18  72]
 ...
 [138  16  82]
 [138  16  82]
 [138  16  82]][[138  17  73]
 [138  17  73]
 [138  18  72]
 ...
 [138  16  82]
 [138  16  81]
 [138  16  81]][[138  17  73]
 [138  17  73]
 [138  18  72]
 ...
 [138  16  81]
 [138  16  80]
 [138  16  80]][[138  17  73]
 [138  17  73]
 [138  18  72]
 ...
 [138  16  80]
 [138  16  80]
 [138  16  80]][[138  17  74]
 [138  17  74]
 [138  17  73]
 ...
 [138  16  78]
 [138  17  77]
 [138  17  77]][[138  17  75]
 [138  17  74]
 [138  17  73]
 ...
 [138  17  75]
 [138  17  75]
 [138  17  76]][[138  17  75]
 [138  17  74]
 [138  17  73]
 ...
 [138  18  72]
 [138  17  73]
 [138  17  75]][[138  17  74]
 [138  17  74]
 [138  17  73]
 ...
 [138  18  72]
 [138  18  72]
 [138  17  74]][[138  17  74]
 [138  17  73]
 [138  17  73]
 ...
 [138  18  72]
 [138  18  72]
 [138  17  73]][[138  17  73]
 [138  17  73]
 [138  18  72]
 ...
 [138  18  72]
 [138  18  71]
 [138  18  72]][[138  17  74]
 [138  17  73]
 [138  17  73]
 ...
 [138  18  72]
 [138  18  72]
 [138  18  72]][[138  17  74]
 [138  17  73]
 [138  17  73]
 ...
 [138  18  72]
 [138  18  72]
 [138  17  73]][[138  17  74]
 [138  17  73]
 [138  17  73]
 ...
 [138  17  73]
 [138  17  74]
 [138  17  73]][[138  17  74]
 [138  17  74]
 [138  17  73]
 ...
 [138  17  73]
 [138  17  73]
 [138  17  73]][[138  17  73]
 [138  17  73]
 [138  17  73]
 ...
 [138  17  73]
 [138  17  73]
 [138  17  73]][[138  18  71]
 [138  18  72]
 [138  18  72]
 ...
 [138  17  73]
 [138  17  73]
 [138  17  73]][[138  18  72]
 [138  18  72]
 [138  18  72]
 ...
 [138  17  74]
 [138  17  74]
 [138  17  74]][[138  17  74]
 [138  17  74]
 [138  17  73]
 ...
 [138  17  74]
 [138  17  74]
 [138  17  74]][[138  17  74]
 [138  17  73]
 [138  18  72]
 ...
 [138  17  74]
 [138  17  75]
 [138  17  75]][[138  18  72]
 [138  18  72]
 [138  18  71]
 ...
 [138  17  74]
 [138  17  75]
 [138  17  75]][[138  17  74]
 [138  17  74]
 [138  17  74]
 ...
 [138  17  74]
 [138  17  76]
 [138  16  78]][[138  17  75]
 [138  17  75]
 [138  17  74]
 ...
 [138  17  75]
 [138  17  77]
 [138  16  78]][[138  17  74]
 [138  17  74]
 [138  17  74]
 ...
 [138  17  76]
 [138  16  78]
 [138  16  79]][[138  18  72]
 [138  18  72]
 [138  17  73]
 ...
 [138  16  78]
 [138  16  79]
 [138  16  80]][[138  18  71]
 [138  18  72]
 [138  18  72]
 ...
 [138  16  79]
 [138  16  80]
 [138  16  80]][[138  18  72]
 [138  18  72]
 [138  18  72]
 ...
 [138  16  80]
 [138  16  80]
 [138  16  81]][[138  18  72]
 [138  18  72]
 [138  18  72]
 ...
 [138  16  81]
 [138  16  81]
 [138  16  81]][[138  18  72]
 [138  18  72]
 [138  18  72]
 ...
 [138  16  81]
 [138  16  81]
 [138  16  81]][[138  18  70]
 [138  18  71]
 [138  18  72]
 ...
 [138  16  81]
 [138  16  80]
 [138  16  80]][[138  18  71]
 [138  18  71]
 [138  18  72]
 ...
 [138  16  81]
 [138  16  80]
 [138  16  79]][[138  18  71]
 [138  18  71]
 [138  18  72]
 ...
 [138  16  79]
 [138  16  78]
 [138  17  77]][[138  18  71]
 [138  18  72]
 [138  18  72]
 ...
 [138  17  75]
 [138  17  75]
 [138  17  75]][[138  18  71]
 [138  18  72]
 [138  18  72]
 ...
 [138  17  73]
 [138  17  74]
 [138  17  74]][[138  18  71]
 [138  18  72]
 [138  18  72]
 ...
 [138  18  72]
 [138  17  73]
 [138  17  74]][[138  18  71]
 [138  18  71]
 [138  18  72]
 ...
 [133  24  73]
 [133  24  74]
 [133  24  74]][[138  18  71]
 [138  18  71]
 [138  18  71]
 ...
 [133  24  73]
 [133  25  72]
 [133  25  71]][[133  24  74]
 [133  24  74]
 [133  24  73]
 ...
 [138  18  70]
 [138  18  70]
 [138  18  70]][[133  24  74]
 [133  24  73]
 [133  24  73]
 ...
 [138  18  70]
 [138  18  70]
 [138  18  70]][[138  18  71]
 [138  18  71]
 [138  18  71]
 ...
 [138  18  70]
 [138  18  70]
 [138  18  70]][[138  18  71]
 [138  18  71]
 [138  18  71]
 ...
 [138  18  70]
 [138  18  70]
 [138  18  70]][[138  18  71]
 [138  18  71]
 [138  18  71]
 ...
 [138  18  70]
 [138  18  70]
 [138  18  70]][[138  18  71]
 [138  18  71]
 [138  18  71]
 ...
 [138  18  70]
 [138  18  70]
 [138  18  70]][[150  11  69]
 [150  11  69]
 [150  11  69]
 ...
 [138  18  70]
 [138  18  70]
 [138  18  70]][[150  11  70]
 [150  11  69]
 [150  11  69]
 ...
 [138  18  70]
 [138  18  70]
 [138  18  70]][[138  18  72]
 [138  18  72]
 [138  18  71]
 ...
 [138  18  71]
 [138  18  70]
 [138  18  70]][[138  18  72]
 [138  18  72]
 [138  18  71]
 ...
 [138  18  71]
 [138  18  71]
 [138  18  70]][[138  17  73]
 [138  18  72]
 [138  18  71]
 ...
 [138  18  72]
 [138  18  71]
 [138  18  71]][[138  17  73]
 [138  18  72]
 [138  18  72]
 ...
 [138  18  72]
 [138  18  71]
 [138  18  71]][[138  17  73]
 [138  18  72]
 [138  18  72]
 ...
 [138  18  72]
 [138  18  71]
 [138  18  71]][[138  18  72]
 [138  18  72]
 [138  18  72]
 ...
 [138  18  72]
 [138  18  72]
 [138  18  72]][[138  18  72]
 [138  18  72]
 [138  18  72]
 ...
 [138  17  73]
 [138  18  72]
 [138  18  72]][[138  18  72]
 [138  18  72]
 [138  18  72]
 ...
 [138  17  73]
 [138  17  73]
 [138  17  73]][[138  18  71]
 [138  18  71]
 [138  18  71]
 ...
 [138  17  74]
 [138  17  74]
 [138  17  74]][[138  18  71]
 [138  18  71]
 [138  18  71]
 ...
 [138  17  77]
 [138  17  77]
 [138  17  77]][[138  18  71]
 [138  18  71]
 [138  18  71]
 ...
 [138  16  80]
 [138  16  80]
 [138  16  80]][[138  18  71]
 [138  18  71]
 [138  18  71]
 ...
 [138  16  81]
 [138  16  81]
 [138  16  82]][[138  18  71]
 [138  18  71]
 [138  18  71]
 ...
 [138  16  82]
 [138  16  82]
 [138  16  82]][[138  18  71]
 [138  18  71]
 [138  18  71]
 ...
 [138  15  83]
 [138  15  83]
 [138  15  83]][[138  18  71]
 [138  18  71]
 [138  18  71]
 ...
 [138  15  83]
 [138  15  83]
 [138  15  84]][[138  18  71]
 [138  18  71]
 [138  18  72]
 ...
 [138  15  83]
 [138  15  83]
 [138  15  83]][[138  18  71]
 [138  18  71]
 [138  18  70]
 ...
 [138  16  81]
 [138  15  84]
 [138  15  87]][[138  18  72]
 [138  18  71]
 [138  18  71]
 ...
 [138  15  84]
 [138  15  86]
 [138  14  88]][[138  18  72]
 [138  18  72]
 [138  18  72]
 ...
 [138  15  87]
 [138  14  88]
 [138  14  89]][[138  18  72]
 [138  18  72]
 [138  18  72]
 ...
 [138  14  88]
 [138  14  90]
 [138  14  90]][[138  18  72]
 [138  18  72]
 [138  17  73]
 ...
 [138  14  88]
 [138  14  90]
 [138  14  92]][[138  18  72]
 [138  18  72]
 [138  18  72]
 ...
 [138  14  89]
 [138  14  91]
 [138  14  92]][[138  18  72]
 [138  18  72]
 [138  18  72]
 ...
 [138  14  92]
 [138  14  92]
 [138  14  92]][[138  18  72]
 [138  18  72]
 [138  18  71]
 ...
 [138  14  94]
 [138  14  93]
 [138  14  91]][[138  18  71]
 [138  18  71]
 [138  18  70]
 ...
 [138  14  91]
 [138  14  91]
 [138  14  91]][[138  18  70]
 [138  18  70]
 [138  18  70]
 ...
 [138  14  91]
 [138  14  91]
 [138  14  91]][[138  18  69]
 [138  18  69]
 [138  18  69]
 ...
 [138  14  91]
 [138  14  91]
 [138  14  90]][[138  19  68]
 [138  19  68]
 [138  19  68]
 ...
 [138  14  90]
 [138  14  90]
 [138  14  90]][[138  19  67]
 [138  19  68]
 [138  19  68]
 ...
 [138  14  90]
 [138  14  90]
 [138  14  89]][[138  19  68]
 [138  19  68]
 [138  19  68]
 ...
 [138  14  90]
 [138  14  89]
 [138  14  89]][[138  19  68]
 [138  19  68]
 [138  19  68]
 ...
 [138  14  90]
 [138  14  89]
 [138  14  89]][[138  18  69]
 [138  18  69]
 [138  19  68]
 ...
 [138  14  89]
 [138  14  89]
 [138  14  88]][[133  25  70]
 [133  25  70]
 [138  19  67]
 ...
 [120  11  89]
 [120  11  89]
 [120  11  89]][[133  25  72]
 [133  25  72]
 [138  18  69]
 ...
 [120  11  89]
 [120  11  89]
 [120  11  89]][[133  24  73]
 [133  24  73]
 [138  18  71]
 ...
 [138  14  89]
 [138  14  89]
 [138  14  89]][[133  25  72]
 [133  25  72]
 [138  18  70]
 ...
 [138  14  89]
 [138  14  89]
 [138  14  89]][[138  19  68]
 [138  19  68]
 [138  18  69]
 ...
 [144  14  89]
 [144  14  89]
 [144  14  89]][[138  19  68]
 [138  19  68]
 [138  19  68]
 ...
 [144  14  89]
 [144  14  89]
 [144  14  89]][[138  18  69]
 [138  18  69]
 [138  19  68]
 ...
 [120  11  89]
 [120  11  89]
 [120  11  89]][[138  18  69]
 [138  18  69]
 [138  19  68]
 ...
 [120  11  89]
 [120  11  89]
 [120  11  89]][[138  18  70]
 [138  18  69]
 [138  18  69]
 ...
 [120  11  89]
 [120  11  90]
 [120  11  90]][[138  18  69]
 [138  18  69]
 [138  19  68]
 ...
 [120  12  88]
 [120  12  88]
 [120  12  88]][[138  18  69]
 [138  19  68]
 [138  19  67]
 ...
 [120  12  88]
 [120  12  88]
 [120  12  88]][[138  18  69]
 [138  19  68]
 [138  19  67]
 ...
 [120  12  88]
 [120  12  88]
 [120  12  88]][[138  18  69]
 [138  19  68]
 [138  19  66]
 ...
 [120  12  88]
 [120  12  88]
 [120  12  88]][[138  18  69]
 [138  19  68]
 [138  19  67]
 ...
 [120  12  88]
 [120  12  88]
 [120  12  88]][[138  18  69]
 [138  19  68]
 [138  19  67]
 ...
 [120  12  88]
 [120  12  88]
 [120  12  88]][[138  18  69]
 [138  19  68]
 [138  19  68]
 ...
 [120  11  89]
 [120  11  90]
 [120  11  90]][[138  18  70]
 [133  25  71]
 [133  25  70]
 ...
 [138  14  90]
 [138  14  90]
 [138  14  90]][[138  18  69]
 [133  25  71]
 [133  25  70]
 ...
 [138  14  90]
 [138  14  89]
 [138  14  89]][[138  19  68]
 [133  25  70]
 [133  26  69]
 ...
 [138  14  90]
 [138  14  90]
 [138  14  90]][[138  19  67]
 [133  26  69]
 [133  26  69]
 ...
 [138  14  90]
 [138  14  90]
 [138  14  90]][[138  19  67]
 [138  19  67]
 [138  19  66]
 ...
 [138  14  90]
 [138  14  90]
 [138  14  90]][[138  19  67]
 [138  19  67]
 [138  19  67]
 ...
 [138  14  89]
 [138  14  88]
 [138  14  88]][[150  12  65]
 [138  19  67]
 [138  19  67]
 ...
 [138  14  90]
 [138  14  89]
 [138  14  89]][[150  12  65]
 [138  19  67]
 [138  19  67]
 ...
 [138  14  91]
 [138  14  91]
 [138  14  91]][[133  25  70]
 [133  25  70]
 [138  19  68]
 ...
 [138  14  91]
 [138  14  90]
 [138  14  90]][[133  25  70]
 [133  25  70]
 [138  19  68]
 ...
 [138  14  91]
 [138  14  90]
 [138  14  90]][[133  25  70]
 [133  25  70]
 [138  19  68]
 ...
 [138  14  91]
 [138  14  90]
 [138  14  89]][[133  25  70]
 [133  25  70]
 [138  19  68]
 ...
 [138  14  91]
 [138  14  89]
 [138  14  88]][[133  25  71]
 [133  25  71]
 [138  19  68]
 ...
 [138  14  90]
 [138  14  89]
 [138  14  89]][[133  25  71]
 [133  25  71]
 [138  18  69]
 ...
 [138  14  89]
 [138  14  89]
 [138  14  90]][[133  25  71]
 [133  25  71]
 [138  18  69]
 ...
 [138  14  89]
 [138  14  89]
 [138  14  89]][[133  25  71]
 [133  25  71]
 [138  18  69]
 ...
 [138  14  89]
 [138  14  88]
 [138  14  88]][[150  11  68]
 [150  11  68]
 [150  11  68]
 ...
 [138  14  91]
 [138  14  90]
 [138  14  88]][[150  11  67]
 [150  11  67]
 [150  11  67]
 ...
 [138  14  91]
 [138  14  90]
 [138  14  89]][[150  12  65]
 [150  12  66]
 [150  12  66]
 ...
 [138  14  90]
 [138  14  90]
 [138  14  90]][[150  12  65]
 [150  12  66]
 [150  12  66]
 ...
 [138  14  89]
 [138  14  89]
 [138  14  89]][[138  19  68]
 [138  18  69]
 [138  18  69]
 ...
 [138  14  89]
 [138  14  89]
 [138  14  89]][[138  18  69]
 [138  18  69]
 [138  18  69]
 ...
 [138  14  89]
 [138  14  88]
 [138  14  88]][[138  18  69]
 [138  18  69]
 [138  18  69]
 ...
 [138  14  90]
 [138  14  89]
 [138  14  89]][[138  19  68]
 [138  18  69]
 [138  18  69]
 ...
 [138  14  91]
 [138  14  90]
 [138  14  90]][[138  19  68]
 [138  19  68]
 [150  12  66]
 ...
 [138  14  90]
 [138  14  89]
 [138  14  89]][[138  19  67]
 [138  19  68]
 [150  12  66]
 ...
 [138  14  90]
 [138  14  90]
 [138  14  90]][[138  19  67]
 [138  19  68]
 [150  12  66]
 ...
 [138  14  90]
 [138  14  90]
 [138  14  90]][[138  19  68]
 [138  19  68]
 [150  12  66]
 ...
 [138  14  89]
 [138  14  90]
 [138  14  90]][[150  12  66]
 [138  19  68]
 [138  19  68]
 ...
 [138  14  91]
 [138  14  92]
 [138  14  92]][[150  12  66]
 [138  19  68]
 [138  19  67]
 ...
 [138  14  94]
 [138  14  93]
 [138  14  91]][[150  12  65]
 [138  19  67]
 [138  19  66]
 ...
 [138  14  94]
 [138  14  89]
 [138  15  84]][[150  12  63]
 [138  20  65]
 [138  20  65]
 ...
 [138  14  91]
 [138  15  84]
 [138  17  76]][[138  19  67]
 [138  19  66]
 [138  20  65]
 ...
 [138  16  79]
 [138  18  69]
 [138  19  67]][[138  19  68]
 [138  19  67]
 [138  19  66]
 ...
 [138  19  68]
 [138  19  67]
 [138  18  72]][[138  19  68]
 [138  19  67]
 [138  19  66]
 ...
 [138  18  70]
 [138  18  70]
 [138  18  71]][[138  19  67]
 [138  19  66]
 [138  19  66]
 ...
 [138  17  76]
 [138  18  72]
 [138  19  67]][[138  19  67]
 [138  19  66]
 [138  19  66]
 ...
 [138  18  71]
 [138  18  69]
 [138  18  70]][[138  19  68]
 [138  19  67]
 [138  19  67]
 ...
 [138  19  68]
 [138  19  68]
 [138  18  72]][[138  19  68]
 [138  19  67]
 [138  19  67]
 ...
 [138  18  71]
 [138  18  70]
 [138  18  69]][[138  19  67]
 [138  19  66]
 [138  19  66]
 ...
 [138  18  70]
 [138  18  70]
 [138  19  67]][[138  19  67]
 [138  19  66]
 [138  19  66]
 ...
 [138  18  69]
 [138  18  69]
 [138  18  69]][[138  19  67]
 [138  19  66]
 [138  19  66]
 ...
 [138  18  69]
 [138  18  69]
 [138  19  68]][[138  19  66]
 [138  20  65]
 [138  20  65]
 ...
 [138  18  69]
 [138  19  68]
 [138  19  68]][[138  20  65]
 [138  20  65]
 [138  20  65]
 ...
 [138  19  68]
 [138  19  68]
 [138  19  68]][[138  20  65]
 [138  20  64]
 [138  20  64]
 ...
 [138  19  68]
 [138  19  68]
 [138  19  68]][[138  20  65]
 [138  20  64]
 [138  20  64]
 ...
 [138  19  68]
 [138  19  68]
 [138  19  68]][[138  20  65]
 [138  20  64]
 [138  20  64]
 ...
 [138  19  68]
 [138  19  68]
 [138  18  69]][[138  20  65]
 [138  20  64]
 [138  20  64]
 ...
 [138  19  68]
 [138  18  69]
 [138  18  69]][[138  19  66]
 [138  19  66]
 [138  20  65]
 ...
 [138  18  69]
 [138  18  69]
 [138  18  69]][[138  20  65]
 [138  20  65]
 [138  20  65]
 ...
 [138  19  68]
 [138  18  69]
 [138  18  70]][[138  20  65]
 [138  20  65]
 [138  20  65]
 ...
 [138  19  68]
 [138  18  69]
 [138  18  71]][[138  20  65]
 [138  20  65]
 [138  20  65]
 ...
 [138  18  69]
 [138  18  69]
 [138  18  70]][[138  20  65]
 [138  20  65]
 [138  20  65]
 ...
 [138  18  70]
 [138  18  69]
 [138  19  68]][[138  20  65]
 [138  20  65]
 [138  20  65]
 ...
 [138  18  70]
 [138  18  69]
 [138  19  67]][[138  20  64]
 [138  20  64]
 [138  20  64]
 ...
 [138  19  68]
 [138  19  68]
 [138  19  68]][[138  21  62]
 [138  20  63]
 [138  20  64]
 ...
 [138  19  67]
 [138  19  67]
 [138  19  68]][[  0   8  61]
 [150  13  61]
 [150  13  61]
 ...
 [138  19  68]
 [138  18  69]
 [138  18  69]][[  0   9  59]
 [150  13  59]
 [150  13  59]
 ...
 [138  19  68]
 [138  19  68]
 [138  18  69]][[ 20  27  57]
 [ 15  18  57]
 [ 15  18  57]
 ...
 [138  19  68]
 [138  19  68]
 [138  18  69]][[ 20  26  58]
 [ 15  18  57]
 [ 15  18  57]
 ...
 [138  19  68]
 [138  19  68]
 [138  19  68]][[ 23  35  59]
 [ 20  26  59]
 [ 20  26  58]
 ...
 [138  19  68]
 [138  19  68]
 [138  19  68]][[ 23  34  60]
 [ 20  26  59]
 [ 20  26  59]
 ...
 [138  18  69]
 [138  19  68]
 [138  19  68]][[  0   9  59]
 [  0   9  59]
 [  0   9  59]
 ...
 [138  18  69]
 [138  19  68]
 [138  19  68]][[  0   9  58]
 [  0   9  58]
 [  0   9  59]
 ...
 [138  18  69]
 [138  19  68]
 [138  19  68]][[138  20  64]
 [138  20  63]
 [138  21  62]
 ...
 [138  19  67]
 [138  19  67]
 [138  19  66]][[138  20  64]
 [138  21  62]
 [138  21  62]
 ...
 [138  19  67]
 [138  19  66]
 [138  19  66]][[138  21  62]
 [138  21  61]
 [138  21  62]
 ...
 [138  19  66]
 [138  19  66]
 [138  19  66]][[138  21  60]
 [138  21  60]
 [138  21  61]
 ...
 [138  19  67]
 [138  19  67]
 [138  19  67]][[138  22  59]
 [138  22  59]
 [138  21  60]
 ...
 [138  19  67]
 [138  19  67]
 [138  19  68]][[138  21  60]
 [138  22  59]
 [138  21  60]
 ...
 [138  19  67]
 [138  19  68]
 [138  19  68]][[138  21  61]
 [138  21  60]
 [138  21  61]
 ...
 [138  19  68]
 [138  19  67]
 [138  19  67]][[138  21  62]
 [138  21  61]
 [138  21  61]
 ...
 [138  19  67]
 [138  19  67]
 [138  19  66]][[138  20  64]
 [138  21  61]
 [138  21  60]
 ...
 [138  19  66]
 [138  19  66]
 [138  19  66]][[138  20  63]
 [138  21  62]
 [138  21  61]
 ...
 [138  19  66]
 [138  19  66]
 [138  19  66]][[138  21  62]
 [138  21  62]
 [138  21  62]
 ...
 [138  19  66]
 [138  19  66]
 [138  19  66]][[138  21  61]
 [138  21  61]
 [138  21  61]
 ...
 [138  19  66]
 [138  19  66]
 [138  19  66]][[138  21  60]
 [138  21  60]
 [138  21  60]
 ...
 [138  19  66]
 [138  19  66]
 [138  19  66]][[138  21  60]
 [138  21  61]
 [138  21  60]
 ...
 [138  19  66]
 [138  19  66]
 [138  19  66]][[138  21  61]
 [138  21  62]
 [138  20  63]
 ...
 [138  19  66]
 [138  20  65]
 [138  20  65]][[138  21  61]
 [138  20  64]
 [138  20  65]
 ...
 [138  20  65]
 [138  20  65]
 [138  20  64]][[150  13  58]
 [150  13  59]
 [150  13  60]
 ...
 [138  20  65]
 [138  20  65]
 [138  19  66]][[150  13  59]
 [150  13  59]
 [150  13  59]
 ...
 [138  20  65]
 [138  20  65]
 [138  20  65]][[150  13  60]
 [138  21  61]
 [138  21  60]
 ...
 [138  20  65]
 [138  20  64]
 [138  20  64]][[150  13  59]
 [138  21  60]
 [138  22  59]
 ...
 [138  20  65]
 [138  20  64]
 [138  20  64]][[138  21  60]
 [138  22  59]
 [138  22  59]
 ...
 [138  20  64]
 [138  20  65]
 [138  19  66]][[138  22  59]
 [138  22  59]
 [138  22  59]
 ...
 [138  20  64]
 [138  20  65]
 [138  19  66]][[138  21  60]
 [138  21  60]
 [138  22  59]
 ...
 [138  20  64]
 [138  20  64]
 [138  20  65]][[138  21  62]
 [138  21  61]
 [138  22  59]
 ...
 [138  20  64]
 [138  20  64]
 [138  20  64]][[138  21  62]
 [138  21  62]
 [138  21  62]
 ...
 [138  20  64]
 [150  12  62]
 [150  12  62]][[138  21  61]
 [138  21  61]
 [138  21  61]
 ...
 [138  20  63]
 [150  13  60]
 [150  13  59]][[138  21  61]
 [138  21  61]
 [138  21  60]
 ...
 [138  20  63]
 [150  13  60]
 [150  13  59]][[138  21  61]
 [138  21  60]
 [138  21  60]
 ...
 [138  20  64]
 [150  13  61]
 [150  13  60]][[138  21  61]
 [138  21  61]
 [138  21  60]
 ...
 [138  21  62]
 [138  21  62]
 [138  21  62]][[138  21  62]
 [138  21  61]
 [138  21  60]
 ...
 [138  20  63]
 [138  20  63]
 [138  20  63]][[138  21  62]
 [138  21  61]
 [138  22  59]
 ...
 [138  20  64]
 [138  20  64]
 [138  20  63]][[138  21  62]
 [138  21  60]
 [138  22  59]
 ...
 [138  20  63]
 [138  21  62]
 [138  21  61]][[138  21  60]
 [138  21  60]
 [138  21  60]
 ...
 [138  20  63]
 [138  21  62]
 [138  21  62]][[138  21  60]
 [138  21  60]
 [138  21  60]
 ...
 [138  21  61]
 [138  21  61]
 [138  21  61]][[138  22  59]
 [138  21  60]
 [138  21  60]
 ...
 [138  21  61]
 [138  21  61]
 [138  21  61]][[138  22  59]
 [138  21  60]
 [138  21  61]
 ...
 [138  21  61]
 [138  21  61]
 [138  21  61]][[150  13  57]
 [150  13  58]
 [150  13  59]
 ...
 [138  21  60]
 [138  22  59]
 [138  22  59]][[150  13  57]
 [150  13  58]
 [150  13  58]
 ...
 [138  21  60]
 [138  22  59]
 [138  22  59]][[150  13  58]
 [150  13  58]
 [150  13  58]
 ...
 [138  21  60]
 [138  21  60]
 [138  21  60]][[150  13  58]
 [150  13  58]
 [150  13  58]
 ...
 [138  22  59]
 [138  22  59]
 [138  22  59]][[138  21  61]
 [138  21  61]
 [138  21  60]
 ...
 [138  22  59]
 [138  22  58]
 [138  22  58]][[138  21  61]
 [138  21  61]
 [138  21  61]
 ...
 [138  22  58]
 [138  22  58]
 [138  22  58]][[138  21  60]
 [138  21  61]
 [138  21  61]
 ...
 [138  22  57]
 [138  22  57]
 [138  22  57]][[138  22  59]
 [138  21  60]
 [138  21  61]
 ...
 [138  22  57]
 [138  22  57]
 [138  22  57]][[138  22  59]
 [138  21  60]
 [138  21  61]
 ...
 [138  22  57]
 [138  22  57]
 [138  22  57]][[138  22  59]
 [138  21  60]
 [138  21  61]
 ...
 [138  22  57]
 [138  22  57]
 [138  22  57]][[138  21  60]
 [138  21  60]
 [138  21  60]
 ...
 [138  23  56]
 [138  23  56]
 [138  23  56]][[138  21  61]
 [138  21  60]
 [138  21  60]
 ...
 [138  23  56]
 [138  23  56]
 [138  23  56]][[133  28  63]
 [133  29  62]
 [133  29  62]
 ...
 [138  23  55]
 [138  24  54]
 [138  24  54]][[133  29  61]
 [133  30  60]
 [133  30  60]
 ...
 [138  24  54]
 [138  23  56]
 [138  22  58]][[138  21  60]
 [138  22  59]
 [150  13  57]
 ...
 [133  31  58]
 [133  30  60]
 [133  29  62]][[138  21  60]
 [138  22  59]
 [150  14  56]
 ...
 [133  30  60]
 [133  30  60]
 [133  30  60]][[150  14  56]
 [150  14  55]
 [150  14  56]
 ...
 [133  29  62]
 [133  29  61]
 [133  30  60]][[150  13  58]
 [150  13  58]
 [150  13  57]
 ...
 [133  28  64]
 [133  29  62]
 [133  30  60]][[138  21  62]
 [138  21  61]
 [150  13  59]
 ...
 [138  22  58]
 [138  22  57]
 [138  23  56]][[138  22  59]
 [138  22  59]
 [150  13  57]
 ...
 [138  25  51]
 [138  25  52]
 [138  24  53]][[138  21  61]
 [138  21  60]
 [138  22  59]
 ...
 [138  25  52]
 [138  25  52]
 [138  24  54]][[138  21  60]
 [138  22  59]
 [138  22  59]
 ...
 [138  24  54]
 [138  23  56]
 [138  22  59]][[138  22  59]
 [138  22  59]
 [138  22  59]
 ...
 [138  22  58]
 [138  22  59]
 [138  21  60]][[138  22  59]
 [138  22  59]
 [138  22  59]
 ...
 [138  22  59]
 [138  21  60]
 [138  21  60]][[138  22  59]
 [138  22  59]
 [138  22  59]
 ...
 [138  27  48]
 [138  26  50]
 [138  25  51]][[138  22  59]
 [138  22  59]
 [138  21  60]
 ...
 [138  31  41]
 [138  34  38]
 [138  38  34]][[138  22  59]
 [138  22  59]
 [138  21  60]
 ...
 [138  35  36]
 [138  43  30]
 [138  53  24]][[138  22  58]
 [138  22  59]
 [138  21  60]
 ...
 [138  61  21]
 [138  67  19]
 [138  91  14]][[138  22  59]
 [138  22  59]
 [138  21  60]
 ...
 [138  75  17]
 [138  55  23]
 [138  47  27]][[138  22  59]
 [138  22  59]
 [138  22  59]
 ...
 [138  32  40]
 [138  28  46]
 [138  26  50]][[138  22  59]
 [138  22  59]
 [138  22  59]
 ...
 [138  26  49]
 [138  26  49]
 [138  25  51]][[138  22  59]
 [138  22  59]
 [138  22  59]
 ...
 [138  26  49]
 [138  26  49]
 [138  26  49]][[138  22  59]
 [138  22  59]
 [138  22  59]
 ...
 [120  20  51]
 [120  20  51]
 [120  20  52]][[138  22  59]
 [138  22  59]
 [138  21  60]
 ...
 [120  20  51]
 [120  21  49]
 [120  21  48]][[150  13  58]
 [150  13  58]
 [150  13  58]
 ...
 [120  20  52]
 [120  20  51]
 [120  20  51]][[150  13  58]
 [150  13  58]
 [150  13  58]
 ...
 [120  20  51]
 [120  20  52]
 [120  19  53]][[154  29  61]
 [154  30  60]
 [144  21  60]
 ...
 [113  38  53]
 [110  42  54]
 [110  42  55]][[154  29  61]
 [154  29  61]
 [144  21  60]
 ...
 [113  38  54]
 [110  42  54]
 [110  42  54]][[163  29  62]
 [163  29  61]
 [158  18  58]
 ...
 [120  20  52]
 [120  20  51]
 [120  20  51]][[163  29  62]
 [163  29  61]
 [158  18  58]
 ...
 [120  20  52]
 [120  20  52]
 [120  20  52]][[175  25  62]
 [175  25  61]
 [173  18  58]
 ...
 [144  25  52]
 [144  25  52]
 [144  24  53]][[175  25  62]
 [175  26  60]
 [173  18  58]
 ...
 [144  25  52]
 [144  24  53]
 [144  24  53]][[175  25  61]
 [163  30  60]
 [158  18  58]
 ...
 [137  33  54]
 [137  33  54]
 [137  32  55]][[175  26  60]
 [163  30  60]
 [158  18  58]
 ...
 [137  32  55]
 [137  33  54]
 [137  33  54]][[133  28  63]
 [133  28  63]
 [133  28  63]
 ...
 [120  20  51]
 [120  20  52]
 [120  19  53]][[133  29  62]
 [133  29  62]
 [133  29  62]
 ...
 [120  20  50]
 [120  20  51]
 [120  20  51]][[138  22  59]
 [138  22  59]
 [138  22  59]
 ...
 [120  20  50]
 [120  20  50]
 [120  20  50]][[138  22  57]
 [138  22  57]
 [138  22  57]
 ...
 [120  20  51]
 [120  20  51]
 [120  20  51]][[150  14  55]
 [150  14  55]
 [150  14  55]
 ...
 [120  20  51]
 [120  20  52]
 [120  20  52]][[150  13  57]
 [150  13  57]
 [150  14  56]
 ...
 [120  20  51]
 [120  20  51]
 [120  20  51]][[138  21  60]
 [138  22  59]
 [138  22  59]
 ...
 [138  25  52]
 [138  25  51]
 [138  26  50]][[138  22  58]
 [138  22  58]
 [138  22  58]
 ...
 [138  24  53]
 [138  25  51]
 [138  26  49]][[150  13  57]
 [138  22  59]
 [138  22  59]
 ...
 [138  24  54]
 [138  25  52]
 [138  27  47]][[150  13  58]
 [138  21  60]
 [138  21  60]
 ...
 [138  23  55]
 [138  24  53]
 [138  28  45]][[138  22  59]
 [138  22  59]
 [150  13  57]
 ...
 [138  20  63]
 [138  21  61]
 [138  25  52]][[138  22  57]
 [138  22  58]
 [150  13  57]
 ...
 [138  21  60]
 [138  22  59]
 [138  25  52]][[138  22  58]
 [138  22  58]
 [150  13  57]
 ...
 [120  19  55]
 [120  19  54]
 [120  20  51]][[138  21  60]
 [138  21  60]
 [150  13  58]
 ...
 [120  18  57]
 [120  18  57]
 [120  18  57]][[133  28  64]
 [138  21  61]
 [150  13  58]
 ...
 [110  27  57]
 [110  26  58]
 [110  27  57]][[133  28  63]
 [138  21  61]
 [150  13  58]
 ...
 [110  27  56]
 [110  27  56]
 [110  28  54]][[150  13  61]
 [150  13  58]
 [  0   9  55]
 ...
 [138  22  57]
 [138  23  56]
 [138  23  55]][[150  13  57]
 [150  14  54]
 [  0  10  53]
 ...
 [138  22  59]
 [138  22  59]
 [138  22  59]][[150  13  57]
 [150  14  55]
 [  0   9  54]
 ...
 [138  21  60]
 [138  21  61]
 [138  21  61]][[150  13  59]
 [150  13  58]
 [  0   9  58]
 ...
 [138  22  58]
 [138  22  58]
 [138  22  59]][[150  13  58]
 [150  13  57]
 [  0   9  58]
 ...
 [138  23  56]
 [138  23  56]
 [138  23  56]][[150  13  57]
 [150  14  56]
 [  0   9  57]
 ...
 [138  22  57]
 [138  23  56]
 [138  23  56]][[150  13  57]
 [150  14  56]
 [  0   9  57]
 ...
 [138  22  58]
 [138  22  58]
 [138  22  57]][[150  13  57]
 [150  14  56]
 [  0   9  56]
 ...
 [138  22  59]
 [138  22  59]
 [138  22  58]][[  0   9  59]
 [  0   9  57]
 [  0   9  56]
 ...
 [120  18  56]
 [120  18  56]
 [120  18  57]][[  0   9  59]
 [  0   9  57]
 [  0   9  56]
 ...
 [120  18  57]
 [120  18  57]
 [120  18  57]][[150  13  59]
 [150  13  57]
 [  0   9  56]
 ...
 [120  18  58]
 [120  18  57]
 [120  18  57]][[150  13  58]
 [150  14  56]
 [  0   9  55]
 ...
 [120  18  57]
 [120  18  56]
 [120  18  57]][[150  13  57]
 [150  14  55]
 [150  14  55]
 ...
 [120  18  57]
 [120  19  55]
 [120  19  55]][[150  14  56]
 [150  14  55]
 [150  14  55]
 ...
 [120  17  59]
 [120  18  56]
 [120  19  54]][[  0   9  56]
 [  0   9  55]
 [  0   9  55]
 ...
 [120  17  59]
 [120  18  57]
 [120  18  56]][[  0   9  56]
 [  0   9  56]
 [  0   9  56]
 ...
 [120  18  57]
 [120  17  59]
 [120  17  60]][[  0   9  58]
 [  0   9  58]
 [ 15  18  58]
 ...
 [138  23  56]
 [138  23  56]
 [138  22  58]][[  0   9  57]
 [  0   9  57]
 [ 15  18  58]
 ...
 [138  22  58]
 [138  22  58]
 [138  22  58]][[138  22  58]
 [138  22  59]
 [150  13  58]
 ...
 [138  21  60]
 [138  21  60]
 [138  22  57]][[138  22  58]
 [138  22  59]
 [150  13  57]
 ...
 [138  21  60]
 [138  21  60]
 [138  22  57]][[133  29  61]
 [133  29  61]
 [138  22  59]
 ...
 [138  22  58]
 [138  22  58]
 [138  23  56]][[133  29  61]
 [133  29  61]
 [138  22  59]
 ...
 [138  23  55]
 [138  23  55]
 [138  23  55]][[138  22  59]
 [138  22  59]
 [138  22  59]
 ...
 [138  24  53]
 [138  24  53]
 [138  24  53]][[138  22  58]
 [138  22  59]
 [138  21  60]
 ...
 [138  24  53]
 [138  25  51]
 [138  25  52]][[173  17  60]
 [158  17  60]
 [158  17  60]
 ...
 [120  20  51]
 [120  20  51]
 [120  20  51]][[173  17  59]
 [158  17  59]
 [158  17  59]
 ...
 [120  20  52]
 [120  20  52]
 [120  19  53]][[ 13  31  58]
 [  6  22  58]
 [  6  22  58]
 ...
 [138  25  52]
 [138  24  53]
 [138  24  53]][[ 13  31  57]
 [  6  22  57]
 [  6  22  57]
 ...
 [138  25  51]
 [138  25  51]
 [138  25  51]][[ 13  32  56]
 [ 13  32  56]
 [ 13  32  56]
 ...
 [144  26  50]
 [144  26  50]
 [144  26  50]][[ 13  32  56]
 [ 13  32  56]
 [ 13  32  56]
 ...
 [144  25  51]
 [144  25  52]
 [144  25  52]][[173  18  56]
 [173  18  56]
 [173  18  56]
 ...
 [120  20  52]
 [120  19  53]
 [120  19  53]][[173  18  56]
 [173  18  56]
 [173  18  56]
 ...
 [120  19  53]
 [120  19  53]
 [120  19  53]][[138  22  59]
 [150  14  55]
 [  0   9  54]
 ...
 [120  19  54]
 [120  19  53]
 [120  19  53]][[138  22  59]
 [150  14  56]
 [  0   9  56]
 ...
 [120  19  53]
 [120  19  53]
 [120  19  53]][[  0   9  55]
 [  0   9  56]
 [ 15  18  57]
 ...
 [110  29  52]
 [110  29  53]
 [110  28  54]][[  0   9  54]
 [  0   9  55]
 [ 15  18  57]
 ...
 [110  29  52]
 [110  29  53]
 [110  29  53]][[ 15  19  53]
 [ 15  19  55]
 [ 20  27  56]
 ...
 [110  29  52]
 [103  34  52]
 [103  34  52]][[ 15  19  55]
 [ 15  19  55]
 [ 20  27  56]
 ...
 [110  29  53]
 [103  34  52]
 [103  34  52]][[150  14  56]
 [150  14  56]
 [150  14  56]
 ...
 [110  29  53]
 [110  29  53]
 [110  29  53]][[150  13  57]
 [150  14  56]
 [150  14  55]
 ...
 [110  29  53]
 [110  28  54]
 [110  28  55]][[150  13  59]
 [150  13  58]
 [150  13  57]
 ...
 [138  24  53]
 [138  24  54]
 [138  24  54]][[150  13  57]
 [150  13  57]
 [150  13  57]
 ...
 [138  24  53]
 [138  24  53]
 [138  25  52]][[138  22  58]
 [138  22  58]
 [150  13  57]
 ...
 [138  23  55]
 [138  24  54]
 [138  25  52]][[138  22  58]
 [138  22  58]
 [150  14  56]
 ...
 [138  23  56]
 [138  24  54]
 [138  24  53]][[138  22  59]
 [138  22  58]
 [150  14  55]
 ...
 [138  24  54]
 [138  24  53]
 [138  25  52]][[138  22  59]
 [138  22  58]
 [150  14  55]
 ...
 [138  24  53]
 [138  24  53]
 [138  24  53]][[133  29  61]
 [138  22  58]
 [150  14  55]
 ...
 [138  25  52]
 [138  24  53]
 [138  24  54]][[133  30  60]
 [138  22  58]
 [150  14  56]
 ...
 [138  26  50]
 [138  25  51]
 [138  25  52]][[154  29  62]
 [154  29  61]
 [154  30  60]
 ...
 [138  26  50]
 [120  20  51]
 [120  20  52]][[154  29  61]
 [154  29  61]
 [154  30  60]
 ...
 [138  26  49]
 [120  20  50]
 [120  20  51]][[144  22  59]
 [144  22  59]
 [144  22  58]
 ...
 [138  26  49]
 [120  20  50]
 [120  20  51]][[144  22  58]
 [144  22  58]
 [144  22  58]
 ...
 [138  26  50]
 [120  20  51]
 [120  20  52]][[138  22  57]
 [138  22  58]
 [138  22  58]
 ...
 [138  25  51]
 [138  25  52]
 [138  25  52]][[138  22  57]
 [138  22  58]
 [138  22  58]
 ...
 [138  25  52]
 [138  25  52]
 [138  24  53]][[144  22  57]
 [144  22  58]
 [144  22  58]
 ...
 [138  24  54]
 [138  24  53]
 [138  24  54]][[144  22  58]
 [144  22  58]
 [144  22  59]
 ...
 [138  23  55]
 [138  23  55]
 [138  23  55]][[150  14  56]
 [138  22  59]
 [138  22  59]
 ...
 [138  23  56]
 [138  23  56]
 [138  23  56]][[150  14  56]
 [138  22  58]
 [138  22  59]
 ...
 [138  23  56]
 [138  23  56]
 [138  22  57]][[150  14  55]
 [138  22  58]
 [138  22  59]
 ...
 [138  22  57]
 [138  22  57]
 [138  22  58]][[150  14  55]
 [138  22  58]
 [138  22  58]
 ...
 [138  23  56]
 [138  22  57]
 [138  22  58]][[  0   9  55]
 [150  14  56]
 [138  22  59]
 ...
 [120  18  56]
 [120  18  56]
 [120  18  57]][[  0   9  55]
 [150  14  56]
 [138  22  59]
 ...
 [120  19  55]
 [120  19  55]
 [120  18  56]][[  0   9  55]
 [150  14  56]
 [150  13  57]
 ...
 [120  19  55]
 [110  28  55]
 [110  27  56]][[  0   9  55]
 [150  14  56]
 [150  13  57]
 ...
 [120  19  55]
 [110  27  56]
 [110  27  56]][[150  14  55]
 [150  14  55]
 [150  14  56]
 ...
 [133  32  56]
 [133  31  57]
 [133  31  58]][[150  14  54]
 [150  14  54]
 [150  14  54]
 ...
 [133  31  57]
 [133  31  57]
 [133  31  58]][[150  14  55]
 [150  14  54]
 [150  14  54]
 ...
 [124  30  59]
 [124  31  58]
 [124  30  59]][[150  13  57]
 [150  14  56]
 [150  14  56]
 ...
 [124  30  59]
 [124  30  59]
 [124  30  60]][[ 15  18  56]
 [  0   9  57]
 [  0   9  57]
 ...
 [120  18  57]
 [120  18  58]
 [120  17  59]][[ 15  19  54]
 [  0   9  55]
 [  0   9  56]
 ...
 [120  18  57]
 [120  18  58]
 [120  17  59]][[ 23  42  54]
 [ 23  38  54]
 [ 20  28  55]
 ...
 [138  22  58]
 [138  22  59]
 [138  22  59]][[ 23  41  56]
 [ 23  36  56]
 [ 20  27  56]
 ...
 [138  22  59]
 [138  22  59]
 [138  22  59]][[ 13  31  58]
 [ 13  31  57]
 [ 13  32  56]
 ...
 [138  21  60]
 [138  21  60]
 [138  21  60]][[ 13  31  58]
 [ 13  31  58]
 [ 13  31  57]
 ...
 [138  22  58]
 [138  22  58]
 [138  22  58]][[ 13  32  56]
 [ 13  31  57]
 [ 20  27  57]
 ...
 [138  23  56]
 [138  23  56]
 [138  22  57]][[ 13  32  55]
 [ 13  32  56]
 [ 20  27  56]
 ...
 [138  23  56]
 [138  22  57]
 [138  22  58]][[ 20  27  56]
 [ 15  19  55]
 [ 15  19  55]
 ...
 [138  22  57]
 [138  22  58]
 [138  22  59]][[ 20  26  58]
 [ 15  18  57]
 [ 15  19  55]
 ...
 [138  22  57]
 [138  22  57]
 [138  22  58]][[ 15  18  57]
 [  0   9  56]
 [  0   9  56]
 ...
 [138  22  58]
 [138  22  57]
 [138  22  58]][[ 15  19  54]
 [  0   9  55]
 [  0   9  56]
 ...
 [138  22  59]
 [138  22  58]
 [138  22  58]][[133  31  58]
 [133  31  57]
 [133  31  58]
 ...
 [124  30  59]
 [113  35  59]
 [113  35  59]][[133  31  58]
 [133  31  57]
 [133  31  57]
 ...
 [124  31  57]
 [113  35  58]
 [113  35  59]][[138  22  57]
 [138  23  56]
 [138  23  56]
 ...
 [133  30  59]
 [133  30  60]
 [133  29  62]][[138  22  58]
 [138  22  58]
 [138  22  58]
 ...
 [133  29  61]
 [133  29  62]
 [133  28  63]][[150  14  56]
 [150  14  56]
 [150  14  56]
 ...
 [133  29  61]
 [133  30  60]
 [133  30  60]][[150  14  54]
 [150  14  55]
 [150  14  55]
 ...
 [133  30  60]
 [133  30  59]
 [133  31  58]][[138  23  56]
 [138  22  57]
 [138  22  57]
 ...
 [124  30  59]
 [124  30  59]
 [124  30  59]][[138  23  56]
 [138  22  57]
 [138  22  58]
 ...
 [124  31  58]
 [124  30  59]
 [124  30  60]][[150  14  54]
 [138  22  57]
 [138  22  57]
 ...
 [110  27  57]
 [110  26  58]
 [110  26  58]][[150  14  54]
 [138  22  57]
 [138  22  57]
 ...
 [110  26  58]
 [110  26  59]
 [110  26  58]][[  0   9  54]
 [  0   9  54]
 [  0   9  55]
 ...
 [138  22  58]
 [138  22  58]
 [138  22  58]][[  0   9  54]
 [  0   9  54]
 [  0   9  55]
 ...
 [138  23  56]
 [138  22  57]
 [138  22  57]][[ 15  19  53]
 [ 15  19  54]
 [ 15  19  55]
 ...
 [144  23  55]
 [144  22  57]
 [144  22  58]][[ 15  19  53]
 [ 15  19  54]
 [ 15  19  54]
 ...
 [144  23  55]
 [144  22  58]
 [144  21  60]][[150  14  53]
 [150  14  53]
 [150  14  54]
 ...
 [138  23  56]
 [138  22  58]
 [138  22  59]][[150  14  53]
 [150  14  53]
 [150  14  54]
 ...
 [138  23  56]
 [138  22  57]
 [138  22  57]][[138  23  56]
 [138  23  56]
 [138  23  56]
 ...
 [120  19  55]
 [120  19  55]
 [120  18  58]][[138  23  55]
 [138  23  55]
 [138  23  55]
 ...
 [120  18  58]
 [120  18  57]
 [120  18  58]][[150  14  53]
 [150  14  53]
 [150  14  53]
 ...
 [120  17  60]
 [120  18  57]
 [120  18  56]][[150  14  54]
 [150  14  54]
 [150  14  54]
 ...
 [120  17  59]
 [120  18  56]
 [120  19  55]][[150  14  54]
 [150  14  54]
 [150  14  54]
 ...
 [120  18  57]
 [120  18  56]
 [120  18  58]][[150  14  53]
 [150  14  53]
 [150  14  53]
 ...
 [120  19  55]
 [120  19  55]
 [120  17  59]][[138  23  55]
 [138  23  55]
 [150  14  53]
 ...
 [120  19  55]
 [120  19  55]
 [120  18  57]][[138  23  56]
 [138  23  56]
 [150  14  54]
 ...
 [120  18  56]
 [120  18  56]
 [120  18  58]][[131  35  59]
 [131  35  59]
 [133  31  57]
 ...
 [138  23  55]
 [138  23  56]
 [138  22  58]][[131  35  59]
 [131  35  59]
 [133  31  58]
 ...
 [138  24  54]
 [138  23  55]
 [138  23  56]][[133  31  58]
 [133  31  58]
 [138  23  56]
 ...
 [110  28  54]
 [110  28  55]
 [110  27  56]][[133  31  57]
 [133  31  58]
 [138  23  56]
 ...
 [110  28  54]
 [110  27  56]
 [110  27  57]][[138  24  54]
 [138  23  55]
 [138  23  55]
 ...
 [103  32  55]
 [103  32  56]
 [103  31  58]][[138  24  54]
 [138  24  54]
 [138  23  55]
 ...
 [103  33  54]
 [103  32  56]
 [103  31  57]][[138  24  54]
 [138  24  54]
 [138  24  54]
 ...
 [138  24  54]
 [120  19  55]
 [120  18  57]][[138  24  54]
 [138  24  54]
 [138  24  53]
 ...
 [138  24  53]
 [120  19  55]
 [120  18  56]][[173  19  54]
 [173  19  54]
 [173  19  54]
 ...
 [144  24  53]
 [144  23  55]
 [144  22  57]][[173  19  54]
 [173  19  54]
 [173  19  54]
 ...
 [144  24  54]
 [144  23  55]
 [144  23  56]][[  6  24  54]
 [  6  24  54]
 [  6  23  55]
 ...
 [120  20  52]
 [120  19  53]
 [120  19  54]][[  6  24  54]
 [  6  23  55]
 [  6  23  55]
 ...
 [120  20  52]
 [120  19  53]
 [120  19  55]][[  6  24  54]
 [  6  24  54]
 [  6  23  55]
 ...
 [110  29  53]
 [110  28  55]
 [110  27  57]][[  6  24  54]
 [  6  24  54]
 [  6  24  54]
 ...
 [110  29  52]
 [110  28  54]
 [110  28  55]][[158  19  54]
 [158  19  54]
 [173  19  53]
 ...
 [120  20  51]
 [120  19  53]
 [120  19  53]][[158  19  54]
 [158  19  53]
 [173  19  53]
 ...
 [120  19  53]
 [120  19  53]
 [120  19  53]][[138  23  55]
 [138  23  55]
 [150  15  52]
 ...
 [138  24  54]
 [138  23  55]
 [138  22  57]][[138  23  55]
 [138  23  55]
 [150  15  52]
 ...
 [138  23  55]
 [138  24  54]
 [138  24  54]][[138  24  54]
 [138  24  54]
 [138  24  54]
 ...
 [138  23  55]
 [138  24  54]
 [138  24  53]][[138  24  54]
 [138  24  54]
 [138  24  54]
 ...
 [138  24  54]
 [138  24  54]
 [138  24  54]][[138  24  54]
 [138  24  54]
 [138  24  54]
 ...
 [138  24  54]
 [138  24  54]
 [138  24  54]][[138  24  53]
 [138  24  53]
 [138  24  53]
 ...
 [138  23  56]
 [138  24  54]
 [138  24  53]][[  0  10  51]
 [  0  10  51]
 [  0  10  51]
 ...
 [138  23  55]
 [138  24  53]
 [138  23  55]][[  0  10  51]
 [  0  10  51]
 [  0  10  51]
 ...
 [138  24  53]
 [138  24  53]
 [138  22  58]][[150  15  51]
 [150  15  52]
 [150  15  52]
 ...
 [154  30  59]
 [154  32  56]
 [154  31  57]][[150  15  52]
 [150  15  52]
 [150  15  52]
 ...
 [154  31  58]
 [154  31  57]
 [154  31  58]][[150  15  52]
 [150  15  52]
 [150  15  52]
 ...
 [120  19  54]
 [120  19  54]
 [120  18  56]][[150  15  52]
 [150  15  52]
 [150  15  51]
 ...
 [120  19  53]
 [120  19  53]
 [120  19  54]][[138  24  54]
 [138  24  54]
 [138  24  53]
 ...
 [110  28  55]
 [110  28  54]
 [110  28  54]][[138  24  54]
 [138  24  54]
 [138  24  53]
 ...
 [110  27  56]
 [110  28  54]
 [110  29  53]][[138  24  54]
 [138  24  54]
 [138  24  53]
 ...
 [138  23  55]
 [138  24  54]
 [138  24  53]][[138  24  54]
 [138  24  53]
 [138  24  53]
 ...
 [138  22  57]
 [138  23  56]
 [138  23  55]][[138  25  51]
 [138  25  52]
 [138  25  52]
 ...
 [138  21  60]
 [138  24  53]
 [138  24  53]][[138  25  51]
 [138  25  51]
 [138  25  52]
 ...
 [138  23  56]
 [138  24  53]
 [138  22  58]][[138  25  51]
 [138  25  52]
 [138  25  52]
 ...
 [138  21  61]
 [138  23  56]
 [138  22  58]][[138  25  52]
 [138  25  52]
 [138  25  52]
 ...
 [138  20  64]
 [138  23  56]
 [138  23  55]][[138  24  53]
 [138  24  53]
 [150  15  51]
 ...
 [138  21  60]
 [138  24  53]
 [138  24  53]][[138  24  53]
 [138  24  53]
 [150  15  51]
 ...
 [138  20  63]
 [138  24  54]
 [138  25  52]][[150  15  50]
 [150  15  50]
 [150  15  51]
 ...
 [138  19  67]
 [138  23  56]
 [138  25  52]][[150  16  49]
 [150  15  50]
 [150  15  50]
 ...
 [138  21  61]
 [138  24  54]
 [138  23  55]][[138  25  52]
 [138  25  52]
 [150  15  50]
 ...
 [138  23  56]
 [138  23  56]
 [138  23  55]][[138  25  51]
 [138  25  51]
 [150  16  49]
 ...
 [138  20  63]
 [138  22  59]
 [138  22  57]][[138  25  51]
 [138  26  50]
 [150  16  48]
 ...
 [138  19  67]
 [138  22  58]
 [138  24  54]][[138  25  51]
 [138  25  51]
 [150  16  48]
 ...
 [138  19  66]
 [138  23  55]
 [138  25  51]][[138  25  51]
 [138  25  51]
 [150  16  48]
 ...
 [138  20  65]
 [138  22  57]
 [138  24  54]][[138  26  50]
 [138  26  50]
 [150  16  47]
 ...
 [138  19  66]
 [138  21  61]
 [138  22  59]][[138  26  50]
 [138  26  50]
 [138  26  50]
 ...
 [138  20  65]
 [138  20  63]
 [138  22  59]][[138  25  51]
 [138  25  51]
 [138  25  51]
 ...
 [138  20  64]
 [138  20  63]
 [138  23  56]][[133  34  52]
 [133  34  52]
 [133  34  52]
 ...
 [138  18  69]
 [138  19  66]
 [138  24  53]][[133  34  52]
 [133  34  52]
 [133  34  52]
 ...
 [138  19  67]
 [138  19  66]
 [138  24  54]][[133  34  52]
 [133  34  52]
 [133  34  52]
 ...
 [120  16  64]
 [120  15  66]
 [120  18  56]][[133  34  52]
 [133  34  52]
 [133  34  52]
 ...
 [120  16  64]
 [120  15  66]
 [120  18  58]][[133  34  53]
 [133  34  52]
 [138  26  50]
 ...
 [120  16  64]
 [120  15  66]
 [120  17  59]][[133  34  53]
 [133  34  53]
 [138  26  50]
 ...
 [120  16  65]
 [120  15  66]
 [120  17  59]][[138  26  50]
 [138  26  50]
 [138  26  50]
 ...
 [138  20  65]
 [120  15  66]
 [120  18  58]][[138  26  50]
 [138  26  50]
 [138  26  50]
 ...
 [138  20  64]
 [120  16  65]
 [120  18  58]][[133  33  54]
 [133  34  53]
 [138  26  50]
 ...
 [138  19  66]
 [138  19  67]
 [138  20  65]][[133  34  53]
 [133  34  53]
 [138  25  51]
 ...
 [138  20  64]
 [138  20  64]
 [138  20  64]][[138  26  50]
 [138  25  51]
 [138  25  52]
 ...
 [138  19  66]
 [138  20  64]
 [138  20  65]][[138  26  49]
 [138  26  50]
 [138  25  51]
 ...
 [138  18  70]
 [138  18  69]
 [138  19  67]][[138  27  48]
 [138  27  48]
 [150  17  46]
 ...
 [138  18  71]
 [138  18  71]
 [138  19  66]][[138  27  48]
 [138  27  47]
 [150  17  45]
 ...
 [138  19  67]
 [138  19  67]
 [138  21  61]][[133  36  49]
 [133  36  49]
 [138  27  47]
 ...
 [138  21  61]
 [138  21  62]
 [138  22  59]][[133  36  49]
 [133  36  50]
 [138  27  48]
 ...
 [138  22  58]
 [138  22  58]
 [138  22  59]][[133  36  49]
 [133  36  49]
 [133  36  49]
 ...
 [138  22  58]
 [138  22  59]
 [138  22  58]][[133  36  49]
 [133  36  49]
 [133  36  49]
 ...
 [138  22  57]
 [138  25  51]
 [138  22  58]][[138  27  48]
 [138  27  47]
 [138  27  47]
 ...
 [138  22  57]
 [138  22  57]
 [138  22  57]][[138  27  48]
 [138  27  48]
 [138  27  47]
 ...
 [138  22  58]
 [138  21  62]
 [138  22  57]][[138  27  48]
 [138  27  48]
 [150  17  45]
 ...
 [138  22  59]
 [138  22  57]
 [138  22  58]][[138  27  48]
 [138  27  48]
 [150  17  46]
 ...
 [138  21  60]
 [138  21  62]
 [138  23  56]][[138  27  48]
 [138  27  48]
 [138  27  48]
 ...
 [138  21  62]
 [138  20  65]
 [138  22  57]][[138  27  47]
 [138  27  48]
 [138  27  48]
 ...
 [138  20  63]
 [138  25  52]
 [138  21  61]][[133  35  51]
 [133  36  50]
 [133  36  49]
 ...
 [138  16  78]
 [138  22  59]
 [138  21  60]][[133  36  50]
 [133  36  49]
 [133  36  49]
 ...
 [138  14  93]
 [138  18  72]
 [138  25  52]][[138  27  47]
 [138  27  47]
 [138  28  46]
 ...
 [138  12 104]
 [138  14  91]
 [138  22  59]][[138  27  47]
 [138  27  47]
 [138  28  46]
 ...
 [138  12 106]
 [138  13 100]
 [138  17  74]][[  0  11  46]
 [  0  11  45]
 [  0  11  45]
 ...
 [138  12 104]
 [138  14  91]
 [138  18  72]][[  0  11  47]
 [  0  11  46]
 [  0  11  45]
 ...
 [138  13 101]
 [138  16  79]
 [138  20  64]][[ 20  33  46]
 [ 15  22  46]
 [ 15  23  45]
 ...
 [138  13 100]
 [138  16  82]
 [138  18  69]][[ 20  33  46]
 [ 15  23  45]
 [ 15  23  45]
 ...
 [138  12 104]
 [138  14  94]
 [138  16  81]][[  4  36  50]
 [175  31  49]
 [173  22  46]
 ...
 [138  12 110]
 [138  12 106]
 [138  13  95]][[  4  36  50]
 [175  31  49]
 [173  22  46]
 ...
 [138  11 112]
 [138  11 112]
 [138  12 106]][[  4  36  50]
 [  4  36  49]
 [  6  28  46]
 ...
 [138  12 109]
 [138  11 111]
 [138  12 110]][[  4  36  50]
 [  4  36  49]
 [  6  27  47]
 ...
 [138  12 105]
 [138  12 107]
 [138  12 107]][[ 13  37  48]
 [  6  27  48]
 [  6  27  47]
 ...
 [138  12 106]
 [138  12 107]
 [138  12 107]][[ 13  37  48]
 [  6  27  48]
 [  6  27  47]
 ...
 [138  12 104]
 [138  12 106]
 [138  12 106]][[ 13  38  47]
 [  6  27  47]
 [ 15  22  46]
 ...
 [138  13  97]
 [138  12 104]
 [138  12 105]][[ 13  38  47]
 [  6  27  47]
 [ 15  23  45]
 ...
 [138  14  94]
 [138  12 104]
 [138  12 107]][[138  27  48]
 [138  27  48]
 [150  17  45]
 ...
 [138  14  93]
 [138  12 103]
 [138  12 110]][[138  27  48]
 [138  27  48]
 [150  17  46]
 ...
 [138  13 100]
 [138  11 111]
 [138  10 122]][[150  17  46]
 [150  17  46]
 [150  17  46]
 ...
 [150   7 103]
 [150   7 108]
 [150   7 117]][[150  17  46]
 [150  17  46]
 [150  17  46]
 ...
 [150   8 102]
 [150   8 102]
 [150   7 108]][[  0  11  46]
 [  0  11  46]
 [  0  11  46]
 ...
 [150   8  99]
 [150   8 102]
 [150   7 107]][[  0  11  46]
 [  0  11  46]
 [  0  11  46]
 ...
 [150   8  97]
 [150   8 102]
 [150   7 107]][[ 15  22  47]
 [ 15  22  46]
 [ 15  22  46]
 ...
 [138  13 100]
 [138  12 103]
 [138  12 105]][[ 15  22  47]
 [ 15  22  46]
 [ 15  22  46]
 ...
 [138  13 101]
 [138  12 103]
 [138  12 106]]